x
20000
20161
20308
20373
20429
20369
20337
20244
20259
20578
20605
20768
20661
20447
20248
19900
20105
20301
20269
20324
20479
20453
20440
20461
20433
20351
20483
20681
20483
20668
20641
20732
20538
20500
20519
20346
20333
20081
19888
20022
19914
19950
20092
19886
19838
19926
19853
19752
19894
20019
19959
19904
19759
19845
20032
19883
19618
19792
19616
19573
19545
19576
19579
19669
19640
19663
19559
19559
19500
19520
19522
19491
19374
19610
19666
19487
19507
19688
19653
19632
19521
19543
19543
19716
19958
20057
19990
19960
19865
19963
19937
19987
20046
20019
19988
20064
20070
19882
19731
19713
